112 113 114 111 0
-112 -111 0
-111 -113 0
-111 -114 0
-112 -113 0
-112 -114 0
-114 -113 0
121 122 123 124 0
-122 -121 0
-123 -121 0
-124 -121 0
-123 -122 0
-124 -122 0
-124 -123 0
131 132 133 134 0
-132 -131 0
-133 -131 0
-134 -131 0
-133 -132 0
-134 -132 0
-134 -133 0
144 141 142 143 0
-142 -141 0
-143 -141 0
-144 -141 0
-143 -142 0
-144 -142 0
-144 -143 0
211 212 213 214 0
-212 -211 0
-213 -211 0
-214 -211 0
-213 -212 0
-214 -212 0
-214 -213 0
224 221 222 223 0
-222 -221 0
-223 -221 0
-224 -221 0
-223 -222 0
-224 -222 0
-224 -223 0
232 233 234 231 0
-232 -231 0
-231 -233 0
-231 -234 0
-232 -233 0
-232 -234 0
-234 -233 0
241 242 243 244 0
-242 -241 0
-243 -241 0
-244 -241 0
-243 -242 0
-244 -242 0
-244 -243 0
312 313 314 311 0
-312 -311 0
-311 -313 0
-311 -314 0
-312 -313 0
-312 -314 0
-314 -313 0
321 322 323 324 0
-322 -321 0
-323 -321 0
-324 -321 0
-323 -322 0
-324 -322 0
-324 -323 0
331 332 333 334 0
-332 -331 0
-333 -331 0
-334 -331 0
-333 -332 0
-334 -332 0
-334 -333 0
344 341 342 343 0
-342 -341 0
-343 -341 0
-344 -341 0
-343 -342 0
-344 -342 0
-344 -343 0
411 412 413 414 0
-412 -411 0
-413 -411 0
-414 -411 0
-413 -412 0
-414 -412 0
-414 -413 0
424 421 422 423 0
-422 -421 0
-423 -421 0
-424 -421 0
-423 -422 0
-424 -422 0
-424 -423 0
432 433 434 431 0
-432 -431 0
-431 -433 0
-431 -434 0
-432 -433 0
-432 -434 0
-434 -433 0
441 442 443 444 0
-442 -441 0
-443 -441 0
-444 -441 0
-443 -442 0
-444 -442 0
-444 -443 0
121 211 221 111 0
-111 -121 0
-111 -211 0
-111 -221 0
-211 -121 0
-221 -121 0
-221 -211 0
112 122 212 222 0
-112 -122 0
-112 -212 0
-112 -222 0
-212 -122 0
-222 -122 0
-222 -212 0
113 123 213 223 0
-123 -113 0
-213 -113 0
-223 -113 0
-213 -123 0
-223 -123 0
-223 -213 0
224 114 124 214 0
-124 -114 0
-214 -114 0
-224 -114 0
-214 -124 0
-224 -124 0
-224 -214 0
241 131 141 231 0
-141 -131 0
-231 -131 0
-131 -241 0
-231 -141 0
-141 -241 0
-231 -241 0
232 242 132 142 0
-142 -132 0
-232 -132 0
-132 -242 0
-232 -142 0
-142 -242 0
-232 -242 0
233 243 133 143 0
-143 -133 0
-133 -233 0
-133 -243 0
-143 -233 0
-143 -243 0
-243 -233 0
144 234 244 134 0
-144 -134 0
-134 -234 0
-134 -244 0
-144 -234 0
-144 -244 0
-244 -234 0
321 411 421 311 0
-311 -321 0
-311 -411 0
-311 -421 0
-411 -321 0
-421 -321 0
-421 -411 0
312 322 412 422 0
-312 -322 0
-312 -412 0
-312 -422 0
-412 -322 0
-422 -322 0
-422 -412 0
313 323 413 423 0
-323 -313 0
-413 -313 0
-423 -313 0
-413 -323 0
-423 -323 0
-423 -413 0
424 314 324 414 0
-324 -314 0
-414 -314 0
-424 -314 0
-414 -324 0
-424 -324 0
-424 -414 0
441 331 341 431 0
-341 -331 0
-431 -331 0
-331 -441 0
-431 -341 0
-341 -441 0
-431 -441 0
432 442 332 342 0
-342 -332 0
-432 -332 0
-332 -442 0
-432 -342 0
-342 -442 0
-432 -442 0
433 443 333 343 0
-343 -333 0
-333 -433 0
-333 -443 0
-343 -433 0
-343 -443 0
-443 -433 0
344 434 444 334 0
-344 -334 0
-334 -434 0
-334 -444 0
-344 -434 0
-344 -444 0
-444 -434 0
121 131 141 111 0
-111 -121 0
-111 -131 0
-111 -141 0
-131 -121 0
-141 -121 0
-141 -131 0
112 122 132 142 0
-112 -122 0
-112 -132 0
-112 -142 0
-132 -122 0
-142 -122 0
-142 -132 0
113 123 133 143 0
-123 -113 0
-133 -113 0
-143 -113 0
-133 -123 0
-143 -123 0
-143 -133 0
144 114 124 134 0
-124 -114 0
-134 -114 0
-144 -114 0
-134 -124 0
-144 -124 0
-144 -134 0
241 211 221 231 0
-221 -211 0
-231 -211 0
-211 -241 0
-231 -221 0
-221 -241 0
-231 -241 0
232 242 212 222 0
-222 -212 0
-232 -212 0
-212 -242 0
-232 -222 0
-222 -242 0
-232 -242 0
233 243 213 223 0
-223 -213 0
-213 -233 0
-213 -243 0
-223 -233 0
-223 -243 0
-243 -233 0
224 234 244 214 0
-224 -214 0
-214 -234 0
-214 -244 0
-224 -234 0
-224 -244 0
-244 -234 0
321 331 341 311 0
-311 -321 0
-311 -331 0
-311 -341 0
-331 -321 0
-341 -321 0
-341 -331 0
312 322 332 342 0
-312 -322 0
-312 -332 0
-312 -342 0
-332 -322 0
-342 -322 0
-342 -332 0
313 323 333 343 0
-323 -313 0
-333 -313 0
-343 -313 0
-333 -323 0
-343 -323 0
-343 -333 0
344 314 324 334 0
-324 -314 0
-334 -314 0
-344 -314 0
-334 -324 0
-344 -324 0
-344 -334 0
441 411 421 431 0
-421 -411 0
-431 -411 0
-411 -441 0
-431 -421 0
-421 -441 0
-431 -441 0
432 442 412 422 0
-422 -412 0
-432 -412 0
-412 -442 0
-432 -422 0
-422 -442 0
-432 -442 0
433 443 413 423 0
-423 -413 0
-413 -433 0
-413 -443 0
-423 -433 0
-423 -443 0
-443 -433 0
424 434 444 414 0
-424 -414 0
-414 -434 0
-414 -444 0
-424 -434 0
-424 -444 0
-444 -434 0
211 411 311 111 0
-111 -211 0
-111 -311 0
-111 -411 0
-311 -211 0
-411 -211 0
-311 -411 0
112 412 312 212 0
-112 -212 0
-112 -312 0
-112 -412 0
-312 -212 0
-412 -212 0
-312 -412 0
113 213 413 313 0
-213 -113 0
-313 -113 0
-413 -113 0
-213 -313 0
-213 -413 0
-413 -313 0
114 414 314 214 0
-214 -114 0
-314 -114 0
-414 -114 0
-214 -314 0
-214 -414 0
-414 -314 0
321 121 221 421 0
-221 -121 0
-321 -121 0
-421 -121 0
-221 -321 0
-421 -221 0
-421 -321 0
122 422 322 222 0
-222 -122 0
-322 -122 0
-422 -122 0
-222 -322 0
-222 -422 0
-422 -322 0
423 323 123 223 0
-223 -123 0
-123 -323 0
-423 -123 0
-223 -323 0
-423 -223 0
-423 -323 0
224 124 424 324 0
-224 -124 0
-324 -124 0
-424 -124 0
-224 -324 0
-224 -424 0
-424 -324 0
431 331 131 231 0
-231 -131 0
-131 -331 0
-431 -131 0
-231 -331 0
-431 -231 0
-431 -331 0
232 132 432 332 0
-232 -132 0
-332 -132 0
-432 -132 0
-232 -332 0
-232 -432 0
-432 -332 0
233 433 333 133 0
-133 -233 0
-133 -333 0
-133 -433 0
-333 -233 0
-433 -233 0
-333 -433 0
434 334 234 134 0
-134 -234 0
-334 -134 0
-134 -434 0
-334 -234 0
-434 -234 0
-334 -434 0
241 441 341 141 0
-141 -241 0
-141 -341 0
-141 -441 0
-341 -241 0
-441 -241 0
-341 -441 0
442 342 242 142 0
-142 -242 0
-342 -142 0
-142 -442 0
-342 -242 0
-442 -242 0
-342 -442 0
243 443 343 143 0
-143 -243 0
-143 -343 0
-143 -443 0
-343 -243 0
-443 -243 0
-343 -443 0
144 444 344 244 0
-144 -244 0
-144 -344 0
-144 -444 0
-344 -244 0
-244 -444 0
-344 -444 0
143 0
234 0
241 0
311 0
324 0
413 0
